Zn -0.00000006 3.57757330 0.00000000
Zn -0.00000006 3.57757330 9.80977990
Zn -0.00000006 3.57757330 19.61956010
Zn -3.09827012 8.94393340 0.00000000
Zn -3.09827012 8.94393340 9.80977990
Zn -3.09827012 8.94393340 19.61956010
Zn -6.19654009 14.31029335 0.00000000
Zn -6.19654009 14.31029335 9.80977990
Zn -6.19654009 14.31029335 19.61956010
Zn 6.19653994 3.57757330 0.00000000
Zn 6.19653994 3.57757330 9.80977990
Zn 6.19653994 3.57757330 19.61956010
Zn 3.09826988 8.94393340 0.00000000
Zn 3.09826988 8.94393340 9.80977990
Zn 3.09826988 8.94393340 19.61956010
Zn -0.00000009 14.31029335 0.00000000
Zn -0.00000009 14.31029335 9.80977990
Zn -0.00000009 14.31029335 19.61956010
Zn 12.39307994 3.57757330 0.00000000
Zn 12.39307994 3.57757330 9.80977990
Zn 12.39307994 3.57757330 19.61956010
Zn 9.29480988 8.94393340 0.00000000
Zn 9.29480988 8.94393340 9.80977990
Zn 9.29480988 8.94393340 19.61956010
Zn 6.19653991 14.31029335 0.00000000
Zn 6.19653991 14.31029335 9.80977990
Zn 6.19653991 14.31029335 19.61956010
Zn 18.58961994 3.57757330 0.00000000
Zn 18.58961994 3.57757330 9.80977990
Zn 18.58961994 3.57757330 19.61956010
Zn 15.49134988 8.94393340 0.00000000
Zn 15.49134988 8.94393340 9.80977990
Zn 15.49134988 8.94393340 19.61956010
Zn 12.39307991 14.31029335 0.00000000
Zn 12.39307991 14.31029335 9.80977990
Zn 12.39307991 14.31029335 19.61956010
Zn 3.09827009 1.78878665 4.90489010
Zn 3.09827009 1.78878665 14.71467000
Zn 3.09827009 1.78878665 24.52444990
Zn 0.00000012 7.15514660 4.90489010
Zn 0.00000012 7.15514660 14.71467000
Zn 0.00000012 7.15514660 24.52444990
Zn -3.09826994 12.52150670 4.90489010
Zn -3.09826994 12.52150670 14.71467000
Zn -3.09826994 12.52150670 24.52444990
Zn 9.29481009 1.78878665 4.90489010
Zn 9.29481009 1.78878665 14.71467000
Zn 9.29481009 1.78878665 24.52444990
Zn 6.19654012 7.15514660 4.90489010
Zn 6.19654012 7.15514660 14.71467000
Zn 6.19654012 7.15514660 24.52444990
Zn 3.09827006 12.52150670 4.90489010
Zn 3.09827006 12.52150670 14.71467000
Zn 3.09827006 12.52150670 24.52444990
Zn 15.49135009 1.78878665 4.90489010
Zn 15.49135009 1.78878665 14.71467000
Zn 15.49135009 1.78878665 24.52444990
Zn 12.39308012 7.15514660 4.90489010
Zn 12.39308012 7.15514660 14.71467000
Zn 12.39308012 7.15514660 24.52444990
Zn 9.29481006 12.52150670 4.90489010
Zn 9.29481006 12.52150670 14.71467000
Zn 9.29481006 12.52150670 24.52444990
Zn 21.68789009 1.78878665 4.90489010
Zn 21.68789009 1.78878665 14.71467000
Zn 21.68789009 1.78878665 24.52444990
Zn 18.58962012 7.15514660 4.90489010
Zn 18.58962012 7.15514660 14.71467000
Zn 18.58962012 7.15514660 24.52444990
Zn 15.49135006 12.52150670 4.90489010
Zn 15.49135006 12.52150670 14.71467000
Zn 15.49135006 12.52150670 24.52444990
O -0.00000006 3.57757330 3.75322173
O -0.00000006 3.57757330 13.56300163
O -0.00000006 3.57757330 23.37278183
O -3.09827012 8.94393340 3.75322173
O -3.09827012 8.94393340 13.56300163
O -3.09827012 8.94393340 23.37278183
O -6.19654009 14.31029335 3.75322173
O -6.19654009 14.31029335 13.56300163
O -6.19654009 14.31029335 23.37278183
O 6.19653994 3.57757330 3.75322173
O 6.19653994 3.57757330 13.56300163
O 6.19653994 3.57757330 23.37278183
O 3.09826988 8.94393340 3.75322173
O 3.09826988 8.94393340 13.56300163
O 3.09826988 8.94393340 23.37278183
O -0.00000009 14.31029335 3.75322173
O -0.00000009 14.31029335 13.56300163
O -0.00000009 14.31029335 23.37278183
O 12.39307994 3.57757330 3.75322173
O 12.39307994 3.57757330 13.56300163
O 12.39307994 3.57757330 23.37278183
O 9.29480988 8.94393340 3.75322173
O 9.29480988 8.94393340 13.56300163
O 9.29480988 8.94393340 23.37278183
O 6.19653991 14.31029335 3.75322173
O 6.19653991 14.31029335 13.56300163
O 6.19653991 14.31029335 23.37278183
O 18.58961994 3.57757330 3.75322173
O 18.58961994 3.57757330 13.56300163
O 18.58961994 3.57757330 23.37278183
O 15.49134988 8.94393340 3.75322173
O 15.49134988 8.94393340 13.56300163
O 15.49134988 8.94393340 23.37278183
O 12.39307991 14.31029335 3.75322173
O 12.39307991 14.31029335 13.56300163
O 12.39307991 14.31029335 23.37278183
O 3.09827009 1.78878665 8.65811183
O 3.09827009 1.78878665 18.46789173
O 3.09827009 1.78878665 28.27767163
O 0.00000012 7.15514660 8.65811183
O 0.00000012 7.15514660 18.46789173
O 0.00000012 7.15514660 28.27767163
O -3.09826994 12.52150670 8.65811183
O -3.09826994 12.52150670 18.46789173
O -3.09826994 12.52150670 28.27767163
O 9.29481009 1.78878665 8.65811183
O 9.29481009 1.78878665 18.46789173
O 9.29481009 1.78878665 28.27767163
O 6.19654012 7.15514660 8.65811183
O 6.19654012 7.15514660 18.46789173
O 6.19654012 7.15514660 28.27767163
O 3.09827006 12.52150670 8.65811183
O 3.09827006 12.52150670 18.46789173
O 3.09827006 12.52150670 28.27767163
O 15.49135009 1.78878665 8.65811183
O 15.49135009 1.78878665 18.46789173
O 15.49135009 1.78878665 28.27767163
O 12.39308012 7.15514660 8.65811183
O 12.39308012 7.15514660 18.46789173
O 12.39308012 7.15514660 28.27767163
O 9.29481006 12.52150670 8.65811183
O 9.29481006 12.52150670 18.46789173
O 9.29481006 12.52150670 28.27767163
O 21.68789009 1.78878665 8.65811183
O 21.68789009 1.78878665 18.46789173
O 21.68789009 1.78878665 28.27767163
O 18.58962012 7.15514660 8.65811183
O 18.58962012 7.15514660 18.46789173
O 18.58962012 7.15514660 28.27767163
O 15.49135006 12.52150670 8.65811183
O 15.49135006 12.52150670 18.46789173
O 15.49135006 12.52150670 28.27767163
