Zn 0.08333333 0.22222222 0.00000000
Zn 0.08333333 0.22222222 0.33333333
Zn 0.08333333 0.22222222 0.66666667
Zn 0.08333333 0.55555556 0.00000000
Zn 0.08333333 0.55555556 0.33333333
Zn 0.08333333 0.55555556 0.66666667
Zn 0.08333333 0.88888889 0.00000000
Zn 0.08333333 0.88888889 0.33333333
Zn 0.08333333 0.88888889 0.66666667
Zn 0.33333333 0.22222222 0.00000000
Zn 0.33333333 0.22222222 0.33333333
Zn 0.33333333 0.22222222 0.66666667
Zn 0.33333333 0.55555556 0.00000000
Zn 0.33333333 0.55555556 0.33333333
Zn 0.33333333 0.55555556 0.66666667
Zn 0.33333333 0.88888889 0.00000000
Zn 0.33333333 0.88888889 0.33333333
Zn 0.33333333 0.88888889 0.66666667
Zn 0.58333333 0.22222222 0.00000000
Zn 0.58333333 0.22222222 0.33333333
Zn 0.58333333 0.22222222 0.66666667
Zn 0.58333333 0.55555556 0.00000000
Zn 0.58333333 0.55555556 0.33333333
Zn 0.58333333 0.55555556 0.66666667
Zn 0.58333333 0.88888889 0.00000000
Zn 0.58333333 0.88888889 0.33333333
Zn 0.58333333 0.88888889 0.66666667
Zn 0.83333333 0.22222222 0.00000000
Zn 0.83333333 0.22222222 0.33333333
Zn 0.83333333 0.22222222 0.66666667
Zn 0.83333333 0.55555556 0.00000000
Zn 0.83333333 0.55555556 0.33333333
Zn 0.83333333 0.55555556 0.66666667
Zn 0.83333333 0.88888889 0.00000000
Zn 0.83333333 0.88888889 0.33333333
Zn 0.83333333 0.88888889 0.66666667
Zn 0.16666667 0.11111111 0.16666667
Zn 0.16666667 0.11111111 0.50000000
Zn 0.16666667 0.11111111 0.83333333
Zn 0.16666667 0.44444444 0.16666667
Zn 0.16666667 0.44444444 0.50000000
Zn 0.16666667 0.44444444 0.83333333
Zn 0.16666667 0.77777778 0.16666667
Zn 0.16666667 0.77777778 0.50000000
Zn 0.16666667 0.77777778 0.83333333
Zn 0.41666667 0.11111111 0.16666667
Zn 0.41666667 0.11111111 0.50000000
Zn 0.41666667 0.11111111 0.83333333
Zn 0.41666667 0.44444444 0.16666667
Zn 0.41666667 0.44444444 0.50000000
Zn 0.41666667 0.44444444 0.83333333
Zn 0.41666667 0.77777778 0.16666667
Zn 0.41666667 0.77777778 0.50000000
Zn 0.41666667 0.77777778 0.83333333
Zn 0.66666667 0.11111111 0.16666667
Zn 0.66666667 0.11111111 0.50000000
Zn 0.66666667 0.11111111 0.83333333
Zn 0.66666667 0.44444444 0.16666667
Zn 0.66666667 0.44444444 0.50000000
Zn 0.66666667 0.44444444 0.83333333
Zn 0.66666667 0.77777778 0.16666667
Zn 0.66666667 0.77777778 0.50000000
Zn 0.66666667 0.77777778 0.83333333
Zn 0.91666667 0.11111111 0.16666667
Zn 0.91666667 0.11111111 0.50000000
Zn 0.91666667 0.11111111 0.83333333
Zn 0.91666667 0.44444444 0.16666667
Zn 0.91666667 0.44444444 0.50000000
Zn 0.91666667 0.44444444 0.83333333
Zn 0.91666667 0.77777778 0.16666667
Zn 0.91666667 0.77777778 0.50000000
Zn 0.91666667 0.77777778 0.83333333
O 0.08333333 0.22222222 0.12753333
O 0.08333333 0.22222222 0.46086666
O 0.08333333 0.22222222 0.79420000
O 0.08333333 0.55555556 0.12753333
O 0.08333333 0.55555556 0.46086666
O 0.08333333 0.55555556 0.79420000
O 0.08333333 0.88888889 0.12753333
O 0.08333333 0.88888889 0.46086666
O 0.08333333 0.88888889 0.79420000
O 0.33333333 0.22222222 0.12753333
O 0.33333333 0.22222222 0.46086666
O 0.33333333 0.22222222 0.79420000
O 0.33333333 0.55555556 0.12753333
O 0.33333333 0.55555556 0.46086666
O 0.33333333 0.55555556 0.79420000
O 0.33333333 0.88888889 0.12753333
O 0.33333333 0.88888889 0.46086666
O 0.33333333 0.88888889 0.79420000
O 0.58333333 0.22222222 0.12753333
O 0.58333333 0.22222222 0.46086666
O 0.58333333 0.22222222 0.79420000
O 0.58333333 0.55555556 0.12753333
O 0.58333333 0.55555556 0.46086666
O 0.58333333 0.55555556 0.79420000
O 0.58333333 0.88888889 0.12753333
O 0.58333333 0.88888889 0.46086666
O 0.58333333 0.88888889 0.79420000
O 0.83333333 0.22222222 0.12753333
O 0.83333333 0.22222222 0.46086666
O 0.83333333 0.22222222 0.79420000
O 0.83333333 0.55555556 0.12753333
O 0.83333333 0.55555556 0.46086666
O 0.83333333 0.55555556 0.79420000
O 0.83333333 0.88888889 0.12753333
O 0.83333333 0.88888889 0.46086666
O 0.83333333 0.88888889 0.79420000
O 0.16666667 0.11111111 0.29420000
O 0.16666667 0.11111111 0.62753333
O 0.16666667 0.11111111 0.96086666
O 0.16666667 0.44444444 0.29420000
O 0.16666667 0.44444444 0.62753333
O 0.16666667 0.44444444 0.96086666
O 0.16666667 0.77777778 0.29420000
O 0.16666667 0.77777778 0.62753333
O 0.16666667 0.77777778 0.96086666
O 0.41666667 0.11111111 0.29420000
O 0.41666667 0.11111111 0.62753333
O 0.41666667 0.11111111 0.96086666
O 0.41666667 0.44444444 0.29420000
O 0.41666667 0.44444444 0.62753333
O 0.41666667 0.44444444 0.96086666
O 0.41666667 0.77777778 0.29420000
O 0.41666667 0.77777778 0.62753333
O 0.41666667 0.77777778 0.96086666
O 0.66666667 0.11111111 0.29420000
O 0.66666667 0.11111111 0.62753333
O 0.66666667 0.11111111 0.96086666
O 0.66666667 0.44444444 0.29420000
O 0.66666667 0.44444444 0.62753333
O 0.66666667 0.44444444 0.96086666
O 0.66666667 0.77777778 0.29420000
O 0.66666667 0.77777778 0.62753333
O 0.66666667 0.77777778 0.96086666
O 0.91666667 0.11111111 0.29420000
O 0.91666667 0.11111111 0.62753333
O 0.91666667 0.11111111 0.96086666
O 0.91666667 0.44444444 0.29420000
O 0.91666667 0.44444444 0.62753333
O 0.91666667 0.44444444 0.96086666
O 0.91666667 0.77777778 0.29420000
O 0.91666667 0.77777778 0.62753333
O 0.91666667 0.77777778 0.96086666
